  0x0000:  ff ff ff ff ff ff 02 00 00 00 00 01 08 00 45 00  ..............E.
  0x0010:  01 2d 00 01 40 00 40 11 b5 bb c0 00 02 01 c0 00  .-..@.@.........
  0x0020:  02 02 9c 40 00 35 01 19 00 00 12 34 81 80 00 01  ...@.5.....4....
  0x0030:  00 07 00 00 00 00 07 65 78 61 6d 70 6c 65 04 74  .......example.t
  0x0040:  65 73 74 00 00 01 00 01 c0 0c 00 01 00 01 00 00  est.............
  0x0050:  00 3c 00 04 c0 00 02 0a c0 0c 00 1c 00 01 00 00  .<..............
  0x0060:  00 3c 00 10 20 01 0d b8 00 00 00 00 00 00 00 00  .<.. ...........
  0x0070:  00 00 00 10 c0 0c 00 05 00 01 00 00 00 3c 00 14  .............<..
  0x0080:  05 61 6c 69 61 73 07 65 78 61 6d 70 6c 65 04 74  .alias.example.t
  0x0090:  65 73 74 00 c0 0c 00 0f 00 01 00 00 00 3c 00 15  est..........<..
  0x00a0:  00 0a 04 6d 61 69 6c 07 65 78 61 6d 70 6c 65 04  ...mail.example.
  0x00b0:  74 65 73 74 00 c0 0c 00 10 00 01 00 00 00 3c 00  test..........<.
  0x00c0:  08 03 61 62 63 03 64 65 66 c0 0c 00 06 00 01 00  ..abc.def.......
  0x00d0:  00 00 3c 00 3e 02 6e 73 07 65 78 61 6d 70 6c 65  ..<.>.ns.example
  0x00e0:  04 74 65 73 74 00 0a 68 6f 73 74 6d 61 73 74 65  .test..hostmaste
  0x00f0:  72 07 65 78 61 6d 70 6c 65 04 74 65 73 74 00 00  r.example.test..
  0x0100:  00 00 2a 00 00 00 3c 00 00 00 1e 00 00 0e 10 00  ..*...<.........
  0x0110:  00 01 2c c0 0c 00 21 00 01 00 00 00 3c 00 1c 00  ..,...!.....<...
  0x0120:  01 00 02 01 bb 07 73 65 72 76 69 63 65 07 65 78  ......service.ex
  0x0130:  61 6d 70 6c 65 04 74 65 73 74 00                 ample.test.
  0x0000:  ff ff ff ff ff ff 02 00 00 00 00 01 08 00 45 00  ..............E.
  0x0010:  00 72 00 01 40 00 40 11 b6 76 c0 00 02 01 c0 00  .r..@.@..v......
  0x0020:  02 02 9c 41 00 35 00 5e 00 00 12 34 81 80 00 01  ...A.5.^...4....
  0x0030:  00 01 00 00 00 01 07 65 78 61 6d 70 6c 65 04 74  .......example.t
  0x0040:  65 73 74 00 00 01 00 01 c0 0c 00 41 00 01 00 00  est........A....
  0x0050:  00 3c 00 21 00 01 03 73 76 63 07 65 78 61 6d 70  .<.!...svc.examp
  0x0060:  6c 65 04 74 65 73 74 00 00 01 00 03 02 68 32 00  le.test......h2.
  0x0070:  03 00 02 01 bb 00 00 29 04 d0 00 00 80 00 00 00  .......)........
  0x0000:  ff ff ff ff ff ff 02 00 00 00 00 01 08 00 45 00  ..............E.
  0x0010:  00 3a 00 01 40 00 40 11 b6 ae c0 00 02 01 c0 00  .:..@.@.........
  0x0020:  02 02 9c 42 14 e9 00 26 00 00 12 34 00 00 00 01  ...B...&...4....
  0x0030:  00 00 00 00 00 00 07 65 78 61 6d 70 6c 65 04 74  .......example.t
  0x0040:  65 73 74 00 00 01 00 01                          est.....
  0x0000:  ff ff ff ff ff ff 02 00 00 00 00 01 08 00 45 00  ..............E.
  0x0010:  00 3a 00 01 40 00 40 11 b6 ae c0 00 02 01 c0 00  .:..@.@.........
  0x0020:  02 02 9c 43 14 eb 00 26 00 00 12 34 00 00 00 01  ...C...&...4....
  0x0030:  00 00 00 00 00 00 07 65 78 61 6d 70 6c 65 04 74  .......example.t
  0x0040:  65 73 74 00 00 01 00 01                          est.....
  0x0000:  ff ff ff ff ff ff 02 00 00 00 00 01 08 00 45 00  ..............E.
  0x0010:  01 16 00 01 40 00 40 11 b5 d2 c0 00 02 01 c0 00  ....@.@.........
  0x0020:  02 02 9c 44 00 43 01 02 00 00 01 01 06 00 12 34  ...D.C.........4
  0x0030:  56 78 00 00 80 00 00 00 00 00 c0 00 02 0a 00 00  Vx..............
  0x0040:  00 00 00 00 00 00 02 00 00 00 00 01 00 00 00 00  ................
  0x0050:  00 00 00 00 00 00 00 00 00 00 00 00 00 00 00 00  ................
  0x0060:  00 00 00 00 00 00 00 00 00 00 00 00 00 00 00 00  ................
  0x0070:  00 00 00 00 00 00 00 00 00 00 00 00 00 00 00 00  ................
  0x0080:  00 00 00 00 00 00 00 00 00 00 00 00 00 00 00 00  ................
  0x0090:  00 00 00 00 00 00 00 00 00 00 00 00 00 00 00 00  ................
  0x00a0:  00 00 00 00 00 00 00 00 00 00 00 00 00 00 00 00  ................
  0x00b0:  00 00 00 00 00 00 00 00 00 00 00 00 00 00 00 00  ................
  0x00c0:  00 00 00 00 00 00 00 00 00 00 00 00 00 00 00 00  ................
  0x00d0:  00 00 00 00 00 00 00 00 00 00 00 00 00 00 00 00  ................
  0x00e0:  00 00 00 00 00 00 00 00 00 00 00 00 00 00 00 00  ................
  0x00f0:  00 00 00 00 00 00 00 00 00 00 00 00 00 00 00 00  ................
  0x0100:  00 00 00 00 00 00 00 00 00 00 00 00 00 00 00 00  ................
  0x0110:  00 00 00 00 00 00 63 82 53 63 35 01 01 0c 04 68  ......c.Sc5....h
  0x0120:  6f 73 74 ff                                      ost.
  0x0000:  ff ff ff ff ff ff 02 00 00 00 00 01 08 00 45 00  ..............E.
  0x0010:  00 4c 00 01 40 00 40 11 b6 9c c0 00 02 01 c0 00  .L..@.@.........
  0x0020:  02 02 9c 45 00 7b 00 38 00 00 24 02 06 fa 00 00  ...E.{.8..$.....
  0x0030:  00 00 00 00 00 00 00 00 00 00 00 00 00 00 00 00  ................
  0x0040:  00 00 00 00 00 00 00 00 00 00 00 00 00 00 00 00  ................
  0x0050:  00 00 e8 75 47 00 80 00 00 00                    ...uG.....
  0x0000:  ff ff ff ff ff ff 02 00 00 00 00 01 08 00 45 00  ..............E.
  0x0010:  00 52 00 01 40 00 40 06 b6 a1 c0 00 02 01 c0 00  .R..@.@.........
  0x0020:  02 02 9c 46 00 50 00 00 00 01 00 00 00 00 50 18  ...F.P........P.
  0x0030:  fa f0 00 00 00 00 47 45 54 20 2f 74 65 73 74 20  ......GET /test
  0x0040:  48 54 54 50 2f 31 2e 31 0d 0a 48 6f 73 74 3a 20  HTTP/1.1..Host:
  0x0050:  65 78 61 6d 70 6c 65 2e 74 65 73 74 0d 0a 0d 0a  example.test....
  0x0000:  ff ff ff ff ff ff 02 00 00 00 00 01 08 00 45 00  ..............E.
  0x0010:  00 51 00 01 40 00 40 06 b6 a2 c0 00 02 01 c0 00  .Q..@.@.........
  0x0020:  02 02 9c 47 00 50 00 00 00 01 00 00 00 00 50 18  ...G.P........P.
  0x0030:  fa f0 00 00 00 00 48 54 54 50 2f 31 2e 31 20 32  ......HTTP/1.1 2
  0x0040:  30 30 20 4f 4b 0d 0a 43 6f 6e 74 65 6e 74 2d 4c  00 OK..Content-L
  0x0050:  65 6e 67 74 68 3a 20 33 0d 0a 0d 0a 61 62 63     ength: 3....abc
  0x0000:  ff ff ff ff ff ff 02 00 00 00 00 01 08 00 45 00  ..............E.
  0x0010:  00 83 00 01 40 00 40 06 b6 70 c0 00 02 01 c0 00  ....@.@..p......
  0x0020:  02 02 9c 48 01 bb 00 00 00 01 00 00 00 00 50 18  ...H..........P.
  0x0030:  fa f0 00 00 00 00 16 03 03 00 56 01 00 00 52 03  ..........V...R.
  0x0040:  03 00 00 00 00 00 00 00 00 00 00 00 00 00 00 00  ................
  0x0050:  00 00 00 00 00 00 00 00 00 00 00 00 00 00 00 00  ................
  0x0060:  00 00 00 02 13 01 01 00 00 27 00 00 00 11 00 0f  .........'......
  0x0070:  00 00 0c 65 78 61 6d 70 6c 65 2e 74 65 73 74 00  ...example.test.
  0x0080:  10 00 05 00 03 02 68 32 00 2b 00 05 04 03 04 03  ......h2.+......
  0x0090:  03                                               .
  0x0000:  ff ff ff ff ff ff 02 00 00 00 00 01 08 00 45 00  ..............E.
  0x0010:  00 5f 00 01 40 00 40 06 b6 94 c0 00 02 01 c0 00  ._..@.@.........
  0x0020:  02 02 9c 49 01 bb 00 00 00 01 00 00 00 00 50 18  ...I..........P.
  0x0030:  fa f0 00 00 00 00 16 03 03 00 32 02 00 00 2e 03  ..........2.....
  0x0040:  03 00 00 00 00 00 00 00 00 00 00 00 00 00 00 00  ................
  0x0050:  00 00 00 00 00 00 00 00 00 00 00 00 00 00 00 00  ................
  0x0060:  00 00 13 01 00 00 06 00 2b 00 02 03 04           ........+....
